# 32-bit limit
ipv4.allOnes <- 2^33 - 1
